BBA80314.1	GEOW01055830.1.p1	68.392	541	170	1	4	543	1	541	0.0	781
BBA80314.1	GEOW01026160.1.p1	34.637	537	341	6	6	541	4	531	5.77e-105	325
BBA80314.1	GEOW01026159.1.p1	34.637	537	341	6	6	541	4	531	5.77e-105	325
BBA80314.1	GEOW01026158.1.p1	34.637	537	341	6	6	541	4	531	5.77e-105	325
BBA80314.1	GEOW01102320.1.p1	35.490	541	330	9	6	540	4	531	5.68e-103	320
BBA80314.1	GEOW01026164.1.p1	39.314	379	222	4	163	541	19	389	1.13e-90	283
BBA80314.1	GEOW01026161.1.p1	39.314	379	222	4	163	541	19	389	1.13e-90	283
BBA80314.1	GEOW01055629.1.p1	79.675	123	25	0	416	538	1	123	1.41e-66	211
BBA80314.1	GEOW01131779.1.p1	32.061	524	317	13	43	543	66	573	4.26e-66	224
BBA80314.1	GEOW01097290.1.p1	31.373	510	319	11	42	541	28	516	8.26e-66	222
BBA80314.1	GEOW01118810.1.p1	32.617	512	324	11	42	539	65	569	1.48e-65	223
BBA80314.1	GEOW01002617.1.p4	49.751	201	100	1	344	543	1	201	8.10e-65	210
BBA80314.1	GEOW01083082.1.p1	50.000	198	98	1	346	543	1	197	8.25e-61	199
BBA80314.1	GEOW01115066.1.p1	29.837	553	350	13	5	543	138	666	4.94e-57	202
BBA80314.1	GEOW01141415.1.p1	28.860	544	359	13	7	541	140	664	8.42e-54	193
BBA80314.1	GEOW01141416.1.p1	28.860	544	359	13	7	541	146	670	1.24e-53	192
BBA80314.1	GEOW01025043.1.p1	30.769	364	225	7	192	541	4	354	2.00e-48	171
BBA80314.1	GEOW01020159.1.p1	27.984	511	341	9	42	540	35	530	4.76e-48	175
BBA80314.1	GEOW01080469.1.p1	38.839	224	133	2	110	332	5	225	8.25e-48	166
BBA80314.1	GEOW01020158.1.p1	27.984	511	341	9	42	540	67	562	1.12e-47	174
BBA80314.1	GEOW01124595.1.p1	44.118	204	111	1	340	540	3	206	5.67e-46	160
BBA80314.1	GEOW01080470.1.p1	38.356	219	131	2	115	332	38	253	1.03e-44	158
BBA80314.1	GEOW01080471.1.p1	38.356	219	131	2	115	332	36	251	1.12e-44	158
BBA80314.1	GEOW01162888.1.p1	50.000	138	69	0	303	440	2	139	3.08e-42	147
BBA80314.1	GEOW01026163.1.p1	29.446	343	233	5	6	347	4	338	4.30e-41	151
BBA80314.1	GEOW01026162.1.p1	29.446	343	233	5	6	347	4	338	4.30e-41	151
BBA80314.1	GEOW01025042.1.p1	39.891	183	107	2	360	541	22	202	2.32e-39	142
BBA80314.1	GEOW01112415.1.p1	31.285	358	230	8	190	539	210	559	7.40e-39	149
BBA80314.1	GEOW01112422.1.p1	32.673	303	194	6	243	539	31	329	1.62e-36	138
BBA80314.1	GEOW01124592.1.p1	48.227	141	73	0	400	540	1	141	1.64e-34	127
BBA80314.1	GEOW01050760.1.p1	25.830	542	366	13	26	539	27	560	7.73e-33	132
BBA80314.1	GEOW01112420.1.p2	35.268	224	139	4	313	532	19	240	4.76e-30	118
BBA80314.1	GEOW01112414.1.p1	35.268	224	139	4	313	532	19	240	4.76e-30	118
BBA80314.1	GEOW01146065.1.p1	32.000	275	172	8	197	463	3	270	3.55e-29	116
BBA80314.1	GEOW01156445.1.p1	26.437	522	340	16	43	539	51	553	4.43e-28	118
BBA80314.1	GEOW01113551.1.p1	41.935	124	71	1	419	541	1	124	1.97e-27	107
BBA80314.1	GEOW01113552.1.p1	41.935	124	71	1	419	541	1	124	2.17e-27	106
BBA80314.1	GEOW01050261.1.p1	35.065	154	97	2	389	541	1	152	4.55e-27	107
BBA80314.1	GEOW01096548.1.p1	38.028	142	85	2	374	514	18	157	8.45e-27	106
BBA80314.1	GEOW01050331.1.p1	42.647	136	73	4	314	445	4	138	3.61e-25	102
BBA80314.1	GEOW01000926.1.p1	42.857	112	62	1	340	449	1	112	1.34e-24	98.6
BBA80314.1	GEOW01000927.1.p1	44.681	94	52	0	356	449	21	114	2.21e-23	95.1
BBA80314.1	GEOW01012111.1.p1	25.786	318	187	9	190	462	230	543	9.63e-23	102
BBA80314.1	GEOW01012114.1.p1	25.786	318	187	9	190	462	280	593	1.01e-22	102
BBA80314.1	GEOW01012113.1.p1	25.532	329	196	9	190	473	230	554	1.23e-22	102
BBA80314.1	GEOW01112418.1.p1	31.818	242	150	7	190	423	74	308	1.25e-22	98.6
BBA80314.1	GEOW01012110.1.p1	25.786	318	187	9	190	462	280	593	1.60e-22	101
BBA80314.1	GEOW01124593.1.p1	42.478	113	62	1	338	447	1	113	4.51e-22	91.7
BBA80314.1	GEOW01112424.1.p1	31.818	242	150	7	190	423	210	444	5.72e-22	98.6
BBA80314.1	GEOW01112416.1.p1	34.225	187	114	5	243	423	31	214	6.35e-20	88.6
